%YAML:1.0

left: 
    K: !!opencv-matrix
        rows: 3
        cols: 3
        dt: d
        data: [1138.83276975408, 0.0, 308.1729373830466,
               0.0, 1139.594698074792,  317.1289738266081,
               0.0, 0.0, 1.0]
    D: !!opencv-matrix
        rows: 1
        cols: 4
        dt: d
        data: [-0.16289394362063583, 0.08351833356682732, 0.012276483503048642, 0.0006858966792660155]

right:
    K: !!opencv-matrix
        rows: 3
        cols: 3
        dt: d
        data: [1138.6334240599165, 0.0, 320.1812627366363,
                0.0, 1138.774613252216, 302.906549415305,
                0.0, 0.0, 1.0]
    D: !!opencv-matrix
        rows: 1
        cols: 4
        dt: d
        data: [-0.16234962118670349, 0.08155626136084612, 0.006298812391653791, -0.003038632652138194]

#1138.83276975408, 1139.594698074792, 308.1729373830466,317.1289738266081,
#1138.6334240599165, 1138.774613252216, 320.181262736636, 302.906549415305,