%YAML:1.0

left: 
    K: !!opencv-matrix
        rows: 3
        cols: 3
        dt: d
        data: [441.59487642976666, 0.0, 399.61974318961643,
               0.0, 441.286935487817,  279.7965428544504,
               0.0, 0.0, 1.0]
    D: !!opencv-matrix
        rows: 1
        cols: 4
        dt: d
        data: [-0.0786473301751568, 0.0643648280581257, 0.0002623040123482446, -1.967171109952531e-05]

right:
    K: !!opencv-matrix
        rows: 3
        cols: 3
        dt: d
        data: [441.94461912840376, 0.0, 399.0849585257561,
                0.0, 441.7536031199126, 275.52159336473505,
                0.0, 0.0, 1.0]
    D: !!opencv-matrix
        rows: 1
        cols: 4
        dt: d
        data: [-0.07893185735908871, 0.06511514866134123, 0.00019564297765040762, 0.0006641631399504117]
        

image_height: 550
image_width: 800