# Image width and height
image_width: 1600
image_height: 1200

#Distortion Model and Coefficients
#Available distortion models are: "plumb_bob", "equidistant" and "rational_polynomial"
distortion_model: plumb_bob
distortion_coefficients: [-0.173831269260396, 0.10747272137157605, 0.004231076633773206, -0.0026692219494915187, 0.0]

#Camera Matix
camera_matrix:
  rows: 3
  cols: 3
  data: [1158.625855755729, 0.0, 765.5609812846063,
        0.0, 1156.0604864187183, 588.6683184401453,
        0.0, 0.0, 1.0]

# Rectification matrix (stereo cameras only)
# A rotation matrix aligning the camera coordinate system to the ideal
# stereo image plane so that epipolar lines in both stereo images are
# parallel.
rectification_matrix:
  rows: 3
  cols: 3
  data: [0.9999827311225199, -0.00583957782255556, -0.000660899084693029,
        0.005838530629318984, 0.999981714531379, -0.001575488170164088,
        0.000670087185621753, 0.0015716022837030203, 0.9999985405236477]


#Projection Matrix
# For Mono camera: should be same as camera matrix
projection_matrix:
  rows: 3
  cols: 4
  data: [1136.7477932812305, 0.0, 760.8502960205078, -157.93623397062217,
        0.0, 1136.7477932812305, 610.0998077392578, 0.0,
        0.0, 0.0, 1.0, 0.0]

