%YAML:1.0

left: 
    K: !!opencv-matrix
        rows: 3
        cols: 3
        dt: d
        data: [1164.254340091627, 0.0, 763.4270852750516,
               0.0, 1163.2288907215407, 587.0096900615753,
               0.0, 0.0, 1.0]
    D: !!opencv-matrix
        rows: 1
        cols: 4
        dt: d
        data: [-0.1709336247761384, 0.11361787278103612, -0.0007339556259086054, 0.0018744831292393936]

# 583.937107236, 583.477688232, 385.88155614, 294.981324129
right:
    K: !!opencv-matrix
        rows: 3
        cols: 3
        dt: d
        data: [1164.411320450591, 0.0, 752.2240662240245,
               0.0, 1166.3141795584713, 578.484795387081,
               0.0, 0.0, 1.0]
    D: !!opencv-matrix
        rows: 1
        cols: 4
        dt: d
        data: [-0.18106037370253725, 0.129822761055774, -5.7568575928353194e-05, -0.002682868911091253]

# 582.974673803, 583.627841027, 376.139423336, 290.480668283
# 1165.9493476066016, 1167.2556820541186, 752.2788466729131, 580.9613365661235
image_width: 1600
image_height: 1200

# rotation matrix to as input to stereo rectify
R: [[0.9999844628195688, 0.001457338892457935, 0.005380546701481521],
                  [-0.0014741831084051932, 0.9999940213716665, 0.003127939430629605],
                  [-0.005375956065407064, -0.0031358227423316097, 0.999980632668506]]
# translation matrix to as input to stereo rectify
T: [-0.13893451786105684, 0.0008113329400986262, 9.18232813713922e-05]