%YAML:1.0

left: 
    K: !!opencv-matrix
        rows: 3
        cols: 3
        dt: d
        data: [1149.52000993, 0.0, 798.75530924,
              0.0, 1150.57923685,  577.20248548,
              0.0, 0.0, 1.0]
    D: !!opencv-matrix
        rows: 1
        cols: 4
        dt: d
        data: [-0.16012168, 0.1020015, 0.00369027, 0.0034287]

right:
    K: !!opencv-matrix
        rows: 3
        cols: 3
        dt: d
        data: [1151.2674512, 0.0, 782.44896179,
              0.0, 1148.87177954, 573.73883587,
              0.0, 0.0, 1.0]
    D: !!opencv-matrix
        rows: 1
        cols: 4
        dt: d
        data: [-0.14726897, 0.08035029, -0.00216681, 0.00125576]
