%YAML:1.0

left: 
    K: !!opencv-matrix
        rows: 3
        cols: 3
        dt: d
        data: [1167.87421447215, 0.0, 771.763112280329,
               0.0, 1166.9553764645004, 589.9626482585169,
               0.0, 0.0, 1.0]
    D: !!opencv-matrix
        rows: 1
        cols: 4
        dt: d
        data: [-0.16610165879624592, 0.1156504557423161, -5.9407782773707644e-05, 0.0018508320481282106]

# 583.937107236, 583.477688232, 385.88155614, 294.981324129
right:
    K: !!opencv-matrix
        rows: 3
        cols: 3
        dt: d
        data: [1165.9493476066016, 0.0, 752.2788466729131,
               0.0, 1167.2556820541186, 580.9613365661235,
               0.0, 0.0, 1.0]
    D: !!opencv-matrix
        rows: 1
        cols: 4
        dt: d
        data: [-0.17863115239034907, 0.13121795689445712, -6.741741965147593e-05, -0.002580879117584875]

# 582.974673803, 583.627841027, 376.139423336, 290.480668283
# 1165.9493476066016, 1167.2556820541186, 752.2788466729131, 580.9613365661235
image_width: 1600
image_height: 1200

# rotation matrix to as input to stereo rectify
R: [[0.9999844628195688, 0.001457338892457935, 0.005380546701481521],
                  [-0.0014741831084051932, 0.9999940213716665, 0.003127939430629605],
                  [-0.005375956065407064, -0.0031358227423316097, 0.999980632668506]]
# translation matrix to as input to stereo rectify
T: [-0.13893451786105684, 0.0008113329400986262, 9.18232813713922e-05]