%YAML:1.0

left: 
    K: !!opencv-matrix
        rows: 3
        cols: 3
        dt: d
        data: [1156.5188534683703, 0.0, 363.2083316463371,
                0.0,  1156.5772666173266, 317.2779853849335,
                0.0, 0.0, 1.0]
    D: !!opencv-matrix
        rows: 1
        cols: 4
        dt: d
        data: [-0.17473019446863114, 0.10643290428040156, 0.005210777878907861, -0.00028664918860079295]

right:
    K: !!opencv-matrix
        rows: 3
        cols: 3
        dt: d
        data: [1158.625855755729, 0.0, 365.5609812846063,
                0.0,  1156.0604864187183, 288.6683184401453,
                0.0, 0.0, 1.0]
    D: !!opencv-matrix
        rows: 1
        cols: 4
        dt: d
        data: [-0.173831269260396, 0.10747272137157605, 0.004231076633773206, -0.0026692219494915187]

size: [800, 600]

# rotation matrix to as input to stereo rectify
R: [[0.9999844628195688, 0.001457338892457935, 0.005380546701481521],
                  [-0.0014741831084051932, 0.9999940213716665, 0.003127939430629605],
                  [-0.005375956065407064, -0.0031358227423316097, 0.999980632668506]]
# translation matrix to as input to stereo rectify
T: [-0.13893451786105684, 0.0008113329400986262, 9.18232813713922e-05]